14 27
0 6
0 7
0 8
1 4
1 5
1 6
1 7
1 8
1 9
2 3
2 4
2 5
2 6
2 7
2 8
2 9
2 10
3 2
3 3
3 4
3 5
3 6
3 7
3 8
3 9
3 10
3 11
4 1
4 2
4 3
4 4
4 5
4 6
4 7
4 8
4 9
4 10
4 11
4 12
5 1
5 2
5 5
5 6
5 7
5 10
5 11
5 12
6 1
6 5
6 6
6 7
6 11
6 12
6 13
7 0
7 1
7 4
7 5
7 6
7 11
7 12
7 13
8 0
8 1
8 4
8 5
8 6
8 11
8 12
8 13
9 0
9 1
9 2
9 4
9 5
9 6
9 11
9 12
9 13
10 0
10 1
10 2
10 3
10 4
10 5
10 6
10 7
10 10
10 11
10 12
11 1
11 2
11 3
11 4
11 5
11 6
11 7
11 8
11 9
11 10
11 11
11 12
12 1
12 2
12 3
12 4
12 5
12 6
12 7
12 8
12 9
12 10
12 11
13 2
13 3
13 4
13 5
13 6
13 7
13 8
13 9
13 10
13 11
14 4
14 5
14 6
14 7
14 8
14 9
14 10
15 4
15 5
15 8
15 9
16 3
16 4
16 8
16 9
17 3
17 4
17 9
17 10
18 3
18 4
18 9
18 10
19 3
19 4
19 9
19 10
20 3
20 4
20 5
20 9
20 10
20 11
21 3
21 4
21 5
21 9
21 10
21 11
21 12
22 3
22 4
22 5
22 9
22 10
22 11
22 12
23 3
23 4
23 5
23 6
23 9
23 10
23 11
23 12
24 1
24 2
24 3
24 4
24 5
24 6
24 10
24 11
24 12
25 1
25 2
25 3
25 8
25 9
25 10
25 11
25 12
26 8
26 9
26 10
